-0.8868816341715788	-0.7815378541561087
-0.8821556043853837	-0.8033988736853495
-0.8774295745991885	-0.8265458355398396
-0.8727035448129934	-0.8496927973943298
-0.8679775150267983	-0.8715538169235706
-0.8632514852406032	-0.8921288941275618
-0.8585254554544082	-0.9114180290063036
-0.853799425668213	-0.9345649908607938
-0.8490733958820178	-0.9538541257395357
-0.8443473660958227	-0.9731432606182775
-0.8396213363096277	-0.9950042801475183
-0.8348953065234326	-1.01429341502626
-0.8301692767372375	-1.0348684922302511
-0.8254432469510423	-1.0528716847837436
-0.8207172171648472	-1.0721608196624854
-0.8159911873786521	-1.0914499545412273
-0.811265157592457	-1.1107390894199691
-0.8065391278062619	-1.1287422819734612
-0.8018130980200668	-1.1467454745269536
-0.7970870682338717	-1.164748667080446
-0.7923610384476766	-1.1827518596339384
-0.7876350086614814	-1.1994691098621812
-0.7829089788752863	-1.2174723024156735
-0.7781829490890912	-1.2341895526439166
-0.7734569193028962	-1.2521927451974089
-0.768730889516701	-1.2689099954256517
-0.7640048597305059	-1.2843413033286453
-0.7592788299443107	-1.299772611231639
-0.7545528001581157	-1.3164898614598817
-0.7498267703719206	-1.3306352270376256
-0.7451007405857256	-1.3447805926153693
-0.7411623824305629	-1.3550681312173651
-0.7356486810133352	-1.371785381445608
-0.7309226512271401	-1.3820729200476036
-0.7261966214409451	-1.3910745163243496
-0.7214705916547499	-1.400076112601096
-0.716744561868555	-1.407791766552593
-0.7120185320823598	-1.41422147817884
-0.7072925022961646	-1.4167933628293388
-0.7025664725099694	-1.4245090167808356
-0.698628114354807	-1.4245090167808359
-0.6931144129375792	-1.428366843756584
-0.6883883831513842	-1.4322246707323325
-0.683662353365189	-1.428366843756584
-0.6789363235789939	-1.4180793051545884
-0.6773609803169289	-1.3949323433000982
-0.6765733086858964	-1.3666416121446103
-0.6765733086858964	-1.3434946502901202
-0.6765733086858964	-1.32034768843563
-0.6765733086858964	-1.2972007265811398
-0.6773609803169289	-1.2689099954256517
-0.6789363235789938	-1.2451200624085368
-0.6805116668410589	-1.2251879563671704
-0.683662353365189	-1.202683965675305
-0.6862879254686307	-1.176322148007691
-0.6894386119927609	-1.153175186153201
-0.6931144129375792	-1.1300282242987107
-0.6962650994617093	-1.1043093777937216
-0.7002034576168719	-1.0792335024513573
-0.7036167013513461	-1.0605873387352402
-0.7072925022961646	-1.0348684922302511
-0.7112308604513271	-1.011721530375761
-0.7151692186064897	-0.9885745685212708
-0.7191075767616524	-0.9615697796910323
-0.723045934916815	-0.9422806448122905
-0.7277719647030101	-0.9114180290063036
-0.7324979944892052	-0.8882710671518135
-0.7364363526443678	-0.8670530187851975
-0.7395870391684978	-0.8458349704185815
-0.7435253973236604	-0.827831777865089
-0.747463755478823	-0.8033988736853495
-0.7514021136339857	-0.7879675657823562
-0.7561281434201808	-0.764820603927866
-0.7608541732063758	-0.7416736420733758
-0.7655802029925709	-0.7185266802188857
-0.770306232778766	-0.6953797183643954
-0.7750322625649612	-0.6722327565099052
-0.7797582923511563	-0.6516576793059139
-0.7844843221373514	-0.6323685444271722
-0.7892103519235465	-0.6105075248979315
-0.7939363817097416	-0.5912183900191896
-0.7986624114959366	-0.5719292551404478
-0.8033884412821318	-0.5526401202617061
-0.808114471068327	-0.5346369277082137
-0.8128405008545221	-0.5166337351547212
-0.8175665306407172	-0.49863054260122897
-0.8222925604269122	-0.48191329237298597
-0.8270185902131073	-0.46391009981949366
-0.8317446199993025	-0.4459069072660014
-0.8364706497854976	-0.43047559936300794
-0.8411966795716928	-0.41247240680951547
-0.8459227093578878	-0.39704109890652206
-0.8506487391440829	-0.38160979100352865
-0.855374768930278	-0.36489254077528577
-0.8601007987164732	-0.34946123287229236
-0.8648268285026682	-0.33402992496929895
-0.8695528582888634	-0.31731267474105596
-0.8742788880750585	-0.3044532514885614
-0.8790049178612536	-0.289021943585568
-0.8837309476474486	-0.2761625203330734
-0.8884569774336438	-0.2620171547553294
-0.8931830072198389	-0.24787178917758546
-0.8979090370060341	-0.2350123659250909
-0.9026350667922292	-0.2234388849978458
-0.9073610965784242	-0.21057946174535136
-0.9120871263646193	-0.20029192314335564
-0.9168131561508144	-0.1874324998908612
-0.9215391859370096	-0.1771449612888656
-0.9262652157232049	-0.16814336501211924
-0.9309912455093998	-0.159141768735373
-0.935717275295595	-0.15014017245862699
-0.94044330508179	-0.1437104608323797
-0.9451693348679852	-0.13470886455563358
-0.9498953646541803	-0.1282791529293863
-0.9546213944403754	-0.12184944130313902
-0.9593474242265705	-0.1167056720021411
-0.9640734540127656	-0.11284784502639278
-0.9687994837989607	-0.11284784502639278
-0.9735255135851557	-0.11413378735164226
-0.9782515433713509	-0.12313538362838827
-0.9819273443161692	-0.1488542301333775
-0.9829775731575461	-0.17071524966261842
-0.981402229895481	-0.1977200384928568
-0.9798268866334159	-0.2247248273230953
-0.9766762001092859	-0.2507651594093967
-0.9735255135851557	-0.28066331847144654
-0.9703748270610257	-0.3095970207895592
-0.9656487972748307	-0.34303152124604497
-0.9624981107507005	-0.37132225240153305
-0.9585597525955379	-0.3906113872802748
-0.9561967377024404	-0.41247240680951547
-0.952520936757622	-0.43561936866400564
-0.9483200213921152	-0.45619444586799696
-0.9443816632369526	-0.48127032121036123
-0.94044330508179	-0.5024883695769773
-0.9365049469266273	-0.5256353314314675
-0.9325665887714648	-0.5487822932859576
-0.9278405589852697	-0.5719292551404478
-0.9231145291990746	-0.6027918709464347
-0.9183884994128795	-0.6259388328009249
-0.9136624696266844	-0.649085794655415
-0.9089364398404893	-0.6722327565099052
-0.9049980816853267	-0.6915218913886471
-0.9010597235301641	-0.7146688532431371
-0.896333693743969	-0.7365298727723779
-0.8916076639577739	-0.7596768346268681
-0.8868816341715788	-0.7815378541561087